CLASSIFICATION REPORTS
================================================================================

MODEL: Logistic Regression
--------------------------------------------------------------------------------
              precision    recall  f1-score   support

           0       0.90      0.58      0.71       500
           1       0.87      0.75      0.80       391
           2       0.83      0.99      0.90       500
           3       0.97      0.84      0.90       500
           4       0.98      0.93      0.95       500
           5       0.87      0.78      0.82       500
           6       0.92      0.59      0.72       500
           7       0.89      0.99      0.94       500
           8       1.00      1.00      1.00         2
           9       0.75      0.86      0.80         7
          10       0.82      0.96      0.88       500
          11       0.89      0.92      0.90       500
          12       0.45      0.05      0.09       294
          13       0.03      1.00      0.05         4
          14       0.23      0.95      0.37       130

    accuracy                           0.79      5328
   macro avg       0.76      0.81      0.72      5328
weighted avg       0.85      0.79      0.80      5328


MODEL: SVM
--------------------------------------------------------------------------------
              precision    recall  f1-score   support

           0       0.94      0.60      0.73       500
           1       0.82      0.73      0.77       391
           2       0.79      0.98      0.88       500
           3       0.92      0.65      0.76       500
           4       0.91      0.88      0.89       500
           5       0.65      0.81      0.72       500
           6       0.73      0.24      0.36       500
           7       0.88      0.99      0.93       500
           8       1.00      1.00      1.00         2
           9       0.43      0.86      0.57         7
          10       0.82      0.99      0.90       500
          11       0.96      0.92      0.94       500
          12       0.67      0.06      0.11       294
          13       0.02      1.00      0.04         4
          14       0.23      0.95      0.37       130

    accuracy                           0.74      5328
   macro avg       0.72      0.78      0.67      5328
weighted avg       0.82      0.74      0.74      5328


MODEL: KNN
--------------------------------------------------------------------------------
              precision    recall  f1-score   support

           0       0.94      0.89      0.92       500
           1       0.96      0.98      0.97       391
           2       0.98      0.99      0.99       500
           3       0.97      0.98      0.98       500
           4       0.99      0.96      0.98       500
           5       0.98      0.99      0.99       500
           6       0.98      0.99      0.98       500
           7       0.99      0.98      0.98       500
           8       1.00      1.00      1.00         2
           9       1.00      0.71      0.83         7
          10       0.96      0.99      0.98       500
          11       0.99      0.95      0.97       500
          12       0.70      0.50      0.58       294
          13       0.10      1.00      0.18         4
          14       0.34      0.52      0.41       130

    accuracy                           0.93      5328
   macro avg       0.86      0.90      0.85      5328
weighted avg       0.94      0.93      0.94      5328


MODEL: Naive Bayes
--------------------------------------------------------------------------------
              precision    recall  f1-score   support

           0       0.94      0.27      0.42       500
           1       0.54      1.00      0.70       391
           2       0.98      1.00      0.99       500
           3       0.41      0.96      0.58       500
           4       0.98      0.44      0.61       500
           5       0.80      0.15      0.25       500
           6       0.83      0.61      0.70       500
           7       0.99      0.99      0.99       500
           8       1.00      1.00      1.00         2
           9       0.46      0.86      0.60         7
          10       0.97      0.99      0.98       500
          11       1.00      0.92      0.96       500
          12       0.00      0.00      0.00       294
          13       0.00      0.50      0.01         4
          14       0.05      0.01      0.01       130

    accuracy                           0.67      5328
   macro avg       0.66      0.65      0.59      5328
weighted avg       0.78      0.67      0.66      5328


MODEL: Random Forest
--------------------------------------------------------------------------------
              precision    recall  f1-score   support

           0       0.97      0.97      0.97       500
           1       0.98      1.00      0.99       391
           2       1.00      1.00      1.00       500
           3       0.99      0.99      0.99       500
           4       0.99      0.99      0.99       500
           5       0.99      0.98      0.99       500
           6       0.99      0.99      0.99       500
           7       1.00      1.00      1.00       500
           8       1.00      1.00      1.00         2
           9       1.00      0.86      0.92         7
          10       1.00      0.99      0.99       500
          11       1.00      1.00      1.00       500
          12       0.84      0.36      0.51       294
          13       0.19      1.00      0.32         4
          14       0.39      0.85      0.53       130

    accuracy                           0.95      5328
   macro avg       0.89      0.93      0.88      5328
weighted avg       0.97      0.95      0.95      5328


